# This file was generated by Animated Java via MC-Build. It is not recommended to edit this file directly.
$data merge entity $(bone_tail) {transformation: [-1.125f,0f,0f,0f,0f,1.1111f,0.176f,0f,0f,0.176f,-1.1111f,-0.3125f,0f,0f,0f,1f],start_interpolation: 0,interpolation_duration: 1}
$data merge entity $(bone_head_feathers) {transformation: [-1f,0f,0f,0f,0f,0.9941f,0.1089f,0.5883f,0f,0.1089f,-0.9941f,0.8008f,0f,0f,0f,1f],start_interpolation: 0,interpolation_duration: 1}
$data merge entity $(bone_head) {transformation: [-1f,0f,0f,0f,0f,0.9808f,0.1951f,0f,0f,0.1951f,-0.9808f,0.875f,0f,0f,0f,1f],start_interpolation: 0,interpolation_duration: 1}
$data merge entity $(bone_right_leg) {transformation: [-1f,0f,0f,-0.3125f,0f,0.6157f,0.788f,-0.25f,0f,0.788f,-0.6157f,-0.125f,0f,0f,0f,1f],start_interpolation: 0,interpolation_duration: 1}
$data merge entity $(bone_left_leg) {transformation: [-1f,0f,0f,0.3125f,0f,0.6157f,0.788f,-0.25f,0f,0.788f,-0.6157f,-0.125f,0f,0f,0f,1f],start_interpolation: 0,interpolation_duration: 1}
$data merge entity $(bone_right_arm) {transformation: [-1f,0f,0f,-0.3125f,0f,0.342f,0.9397f,-0.25f,0f,0.9397f,-0.342f,0.75f,0f,0f,0f,1f],start_interpolation: 0,interpolation_duration: 1}
$data merge entity $(bone_left_arm) {transformation: [-1f,0f,0f,0.3125f,0f,0.342f,0.9397f,-0.25f,0f,0.9397f,-0.342f,0.75f,0f,0f,0f,1f],start_interpolation: 0,interpolation_duration: 1}
$data merge entity $(bone_1) {transformation: [-1.1079f,0.3608f,0.0594f,-1.5938f,0.3568f,1.1082f,-0.0753f,0.5142f,-0.0797f,-0.0533f,-1.1627f,0.8672f,0f,0f,0f,1f],start_interpolation: 0,interpolation_duration: 1}
$data merge entity $(bone_right_wing) {transformation: [-0.9346f,0.3912f,0.1246f,-0.375f,0.3814f,0.9419f,-0.0967f,0f,-0.152f,-0.042f,-1.0086f,0.6875f,0f,0f,0f,1f],start_interpolation: 0,interpolation_duration: 1}
$data merge entity $(bone_2) {transformation: [-1.1079f,-0.3608f,-0.0594f,1.5938f,-0.3568f,1.1082f,-0.0753f,0.5142f,0.0797f,-0.0533f,-1.1627f,0.8672f,0f,0f,0f,1f],start_interpolation: 0,interpolation_duration: 1}
$data merge entity $(bone_left_wing) {transformation: [-0.9346f,-0.3912f,-0.1246f,0.375f,-0.3814f,0.9419f,-0.0967f,0f,0.152f,-0.042f,-1.0086f,0.6875f,0f,0f,0f,1f],start_interpolation: 0,interpolation_duration: 1}