# This file was generated by Animated Java via MC-Build. It is not recommended to edit this file directly.
$data merge entity $(bone_tail) {transformation: [-1.125f,0f,0f,0f,0f,1.1096f,0.1857f,0f,0f,0.1857f,-1.1096f,-0.3125f,0f,0f,0f,1f],start_interpolation: 0,interpolation_duration: 1}
$data merge entity $(bone_head_feathers) {transformation: [-1f,0f,0f,0f,0f,0.9914f,0.1305f,0.589f,0f,0.1305f,-0.9914f,0.8073f,0f,0f,0f,1f],start_interpolation: 0,interpolation_duration: 1}
$data merge entity $(bone_head) {transformation: [-1f,0f,0f,0f,0f,0.9786f,0.2058f,0f,0f,0.2058f,-0.9786f,0.875f,0f,0f,0f,1f],start_interpolation: 0,interpolation_duration: 1}
$data merge entity $(bone_right_leg) {transformation: [-1f,0f,0f,-0.3125f,0f,0.6018f,0.7986f,-0.25f,0f,0.7986f,-0.6018f,-0.125f,0f,0f,0f,1f],start_interpolation: 0,interpolation_duration: 1}
$data merge entity $(bone_left_leg) {transformation: [-1f,0f,0f,0.3125f,0f,0.6018f,0.7986f,-0.25f,0f,0.7986f,-0.6018f,-0.125f,0f,0f,0f,1f],start_interpolation: 0,interpolation_duration: 1}
$data merge entity $(bone_right_arm) {transformation: [-1f,0f,0f,-0.3125f,0f,0.3624f,0.932f,-0.25f,0f,0.932f,-0.3624f,0.75f,0f,0f,0f,1f],start_interpolation: 0,interpolation_duration: 1}
$data merge entity $(bone_left_arm) {transformation: [-1f,0f,0f,0.3125f,0f,0.3624f,0.932f,-0.25f,0f,0.932f,-0.3624f,0.75f,0f,0f,0f,1f],start_interpolation: 0,interpolation_duration: 1}
$data merge entity $(bone_1) {transformation: [-1.0825f,0.4306f,0.0617f,-1.5796f,0.4267f,1.0833f,-0.0741f,0.5476f,-0.0847f,-0.0462f,-1.1627f,0.8644f,0f,0f,0f,1f],start_interpolation: 0,interpolation_duration: 1}
$data merge entity $(bone_right_wing) {transformation: [-0.9231f,0.4176f,0.1254f,-0.375f,0.4078f,0.9307f,-0.0975f,0f,-0.1542f,-0.038f,-1.0084f,0.6875f,0f,0f,0f,1f],start_interpolation: 0,interpolation_duration: 1}
$data merge entity $(bone_2) {transformation: [-1.0825f,-0.4306f,-0.0617f,1.5796f,-0.4267f,1.0833f,-0.0741f,0.5476f,0.0847f,-0.0462f,-1.1627f,0.8644f,0f,0f,0f,1f],start_interpolation: 0,interpolation_duration: 1}
$data merge entity $(bone_left_wing) {transformation: [-0.9231f,-0.4176f,-0.1254f,0.375f,-0.4078f,0.9307f,-0.0975f,0f,0.1542f,-0.038f,-1.0084f,0.6875f,0f,0f,0f,1f],start_interpolation: 0,interpolation_duration: 1}