# This file was generated by Animated Java via MC-Build. It is not recommended to edit this file directly.
$data merge entity $(bone_tail) {transformation: [-1.125f,0f,0f,0f,0f,1.1079f,0.1954f,0f,0f,0.1954f,-1.1079f,-0.3125f,0f,0f,0f,1f],start_interpolation: 0,interpolation_duration: 1}
$data merge entity $(bone_head_feathers) {transformation: [-1f,0f,0f,0f,0f,0.9884f,0.1521f,0.5897f,0f,0.1521f,-0.9884f,0.8137f,0f,0f,0f,1f],start_interpolation: 0,interpolation_duration: 1}
$data merge entity $(bone_head) {transformation: [-1f,0f,0f,0f,0f,0.9763f,0.2164f,0f,0f,0.2164f,-0.9763f,0.875f,0f,0f,0f,1f],start_interpolation: 0,interpolation_duration: 1}
$data merge entity $(bone_right_leg) {transformation: [-1f,0f,0f,-0.3125f,0f,0.5878f,0.809f,-0.25f,0f,0.809f,-0.5878f,-0.125f,0f,0f,0f,1f],start_interpolation: 0,interpolation_duration: 1}
$data merge entity $(bone_left_leg) {transformation: [-1f,0f,0f,0.3125f,0f,0.5878f,0.809f,-0.25f,0f,0.809f,-0.5878f,-0.125f,0f,0f,0f,1f],start_interpolation: 0,interpolation_duration: 1}
$data merge entity $(bone_right_arm) {transformation: [-1f,0f,0f,-0.3125f,0f,0.3827f,0.9239f,-0.25f,0f,0.9239f,-0.3827f,0.75f,0f,0f,0f,1f],start_interpolation: 0,interpolation_duration: 1}
$data merge entity $(bone_left_arm) {transformation: [-1f,0f,0f,0.3125f,0f,0.3827f,0.9239f,-0.25f,0f,0.9239f,-0.3827f,0.75f,0f,0f,0f,1f],start_interpolation: 0,interpolation_duration: 1}
$data merge entity $(bone_1) {transformation: [-1.0528f,0.4987f,0.0641f,-1.5644f,0.4948f,1.054f,-0.0731f,0.5807f,-0.0891f,-0.0388f,-1.1626f,0.8617f,0f,0f,0f,1f],start_interpolation: 0,interpolation_duration: 1}
$data merge entity $(bone_right_wing) {transformation: [-0.9107f,0.4435f,0.1262f,-0.375f,0.4338f,0.9188f,-0.0983f,0f,-0.1563f,-0.0341f,-1.0082f,0.6875f,0f,0f,0f,1f],start_interpolation: 0,interpolation_duration: 1}
$data merge entity $(bone_2) {transformation: [-1.0528f,-0.4987f,-0.0641f,1.5644f,-0.4948f,1.054f,-0.0731f,0.5807f,0.0891f,-0.0388f,-1.1626f,0.8617f,0f,0f,0f,1f],start_interpolation: 0,interpolation_duration: 1}
$data merge entity $(bone_left_wing) {transformation: [-0.9107f,-0.4435f,-0.1262f,0.375f,-0.4338f,0.9188f,-0.0983f,0f,0.1563f,-0.0341f,-1.0082f,0.6875f,0f,0f,0f,1f],start_interpolation: 0,interpolation_duration: 1}