# This file was generated by Animated Java via MC-Build. It is not recommended to edit this file directly.
$data merge entity $(bone_tail) {transformation: [-1.125f,0f,0f,0f,0f,1.1096f,0.1857f,0f,0f,0.1857f,-1.1096f,-0.3125f,0f,0f,0f,1f],start_interpolation: 0,interpolation_duration: 1}
$data merge entity $(bone_head_feathers) {transformation: [-1f,0f,0f,0f,0f,0.9884f,0.1521f,0.589f,0f,0.1521f,-0.9884f,0.8073f,0f,0f,0f,1f],start_interpolation: 0,interpolation_duration: 1}
$data merge entity $(bone_head) {transformation: [-1f,0f,0f,0f,0f,0.9786f,0.2058f,0f,0f,0.2058f,-0.9786f,0.875f,0f,0f,0f,1f],start_interpolation: 0,interpolation_duration: 1}
$data merge entity $(bone_right_leg) {transformation: [-1f,0f,0f,-0.3125f,0f,0.5736f,0.8192f,-0.25f,0f,0.8192f,-0.5736f,-0.125f,0f,0f,0f,1f],start_interpolation: 0,interpolation_duration: 1}
$data merge entity $(bone_left_leg) {transformation: [-1f,0f,0f,0.3125f,0f,0.5736f,0.8192f,-0.25f,0f,0.8192f,-0.5736f,-0.125f,0f,0f,0f,1f],start_interpolation: 0,interpolation_duration: 1}
$data merge entity $(bone_right_arm) {transformation: [-1f,0f,0f,-0.3125f,0f,0.4027f,0.9153f,-0.25f,0f,0.9153f,-0.4027f,0.75f,0f,0f,0f,1f],start_interpolation: 0,interpolation_duration: 1}
$data merge entity $(bone_left_arm) {transformation: [-1f,0f,0f,0.3125f,0f,0.4027f,0.9153f,-0.25f,0f,0.9153f,-0.4027f,0.75f,0f,0f,0f,1f],start_interpolation: 0,interpolation_duration: 1}
$data merge entity $(bone_1) {transformation: [-1.0491f,0.5066f,0.0622f,-1.5796f,0.5027f,1.0502f,-0.0746f,0.5476f,-0.0884f,-0.0403f,-1.1626f,0.8644f,0f,0f,0f,1f],start_interpolation: 0,interpolation_duration: 1}
$data merge entity $(bone_right_wing) {transformation: [-0.9231f,0.4176f,0.1254f,-0.375f,0.4078f,0.9307f,-0.0975f,0f,-0.1542f,-0.038f,-1.0084f,0.6875f,0f,0f,0f,1f],start_interpolation: 0,interpolation_duration: 1}
$data merge entity $(bone_2) {transformation: [-1.0491f,-0.5066f,-0.0622f,1.5796f,-0.5027f,1.0502f,-0.0746f,0.5476f,0.0884f,-0.0403f,-1.1626f,0.8644f,0f,0f,0f,1f],start_interpolation: 0,interpolation_duration: 1}
$data merge entity $(bone_left_wing) {transformation: [-0.9231f,-0.4176f,-0.1254f,0.375f,-0.4078f,0.9307f,-0.0975f,0f,0.1542f,-0.038f,-1.0084f,0.6875f,0f,0f,0f,1f],start_interpolation: 0,interpolation_duration: 1}