# This file was generated by Animated Java via MC-Build. It is not recommended to edit this file directly.
$data merge entity $(bone_tail) {transformation: [-1.125f,0f,0f,0f,0f,1.1126f,0.1663f,0f,0f,0.1663f,-1.1126f,-0.3125f,0f,0f,0f,1f],start_interpolation: 0,interpolation_duration: 1}
$data merge entity $(bone_head_feathers) {transformation: [-1f,0f,0f,0f,0f,0.9884f,0.1521f,0.5874f,0f,0.1521f,-0.9884f,0.7944f,0f,0f,0f,1f],start_interpolation: 0,interpolation_duration: 1}
$data merge entity $(bone_head) {transformation: [-1f,0f,0f,0f,0f,0.9829f,0.1844f,0f,0f,0.1844f,-0.9829f,0.875f,0f,0f,0f,1f],start_interpolation: 0,interpolation_duration: 1}
$data merge entity $(bone_right_leg) {transformation: [-1f,0f,0f,-0.3125f,0f,0.5446f,0.8387f,-0.25f,0f,0.8387f,-0.5446f,-0.125f,0f,0f,0f,1f],start_interpolation: 0,interpolation_duration: 1}
$data merge entity $(bone_left_leg) {transformation: [-1f,0f,0f,0.3125f,0f,0.5446f,0.8387f,-0.25f,0f,0.8387f,-0.5446f,-0.125f,0f,0f,0f,1f],start_interpolation: 0,interpolation_duration: 1}
$data merge entity $(bone_right_arm) {transformation: [-1f,0f,0f,-0.3125f,0f,0.4423f,0.8969f,-0.25f,0f,0.8969f,-0.4423f,0.75f,0f,0f,0f,1f],start_interpolation: 0,interpolation_duration: 1}
$data merge entity $(bone_left_arm) {transformation: [-1f,0f,0f,0.3125f,0f,0.4423f,0.8969f,-0.25f,0f,0.8969f,-0.4423f,0.75f,0f,0f,0f,1f],start_interpolation: 0,interpolation_duration: 1}
$data merge entity $(bone_1) {transformation: [-1.0416f,0.5223f,0.0585f,-1.6071f,0.5182f,1.0423f,-0.078f,0.4805f,-0.0872f,-0.0437f,-1.1626f,0.8699f,0f,0f,0f,1f],start_interpolation: 0,interpolation_duration: 1}
$data merge entity $(bone_right_wing) {transformation: [-0.9454f,0.3646f,0.1239f,-0.375f,0.3547f,0.9524f,-0.096f,0f,-0.1499f,-0.0459f,-1.0087f,0.6875f,0f,0f,0f,1f],start_interpolation: 0,interpolation_duration: 1}
$data merge entity $(bone_2) {transformation: [-1.0416f,-0.5223f,-0.0585f,1.6071f,-0.5182f,1.0423f,-0.078f,0.4805f,0.0872f,-0.0437f,-1.1626f,0.8699f,0f,0f,0f,1f],start_interpolation: 0,interpolation_duration: 1}
$data merge entity $(bone_left_wing) {transformation: [-0.9454f,-0.3646f,-0.1239f,0.375f,-0.3547f,0.9524f,-0.096f,0f,0.1499f,-0.0459f,-1.0087f,0.6875f,0f,0f,0f,1f],start_interpolation: 0,interpolation_duration: 1}