# This file was generated by Animated Java via MC-Build. It is not recommended to edit this file directly.
$data merge entity $(bone_tail) {transformation: [-1.125f,0f,0f,0f,0f,1.1141f,0.1566f,0f,0f,0.1566f,-1.1141f,-0.3125f,0f,0f,0f,1f],start_interpolation: 0,interpolation_duration: 1}
$data merge entity $(bone_head_feathers) {transformation: [-1f,0f,0f,0f,0f,0.9884f,0.1521f,0.5865f,0f,0.1521f,-0.9884f,0.788f,0f,0f,0f,1f],start_interpolation: 0,interpolation_duration: 1}
$data merge entity $(bone_head) {transformation: [-1f,0f,0f,0f,0f,0.9848f,0.1736f,0f,0f,0.1736f,-0.9848f,0.875f,0f,0f,0f,1f],start_interpolation: 0,interpolation_duration: 1}
$data merge entity $(bone_right_leg) {transformation: [-1f,0f,0f,-0.3125f,0f,0.5299f,0.848f,-0.25f,0f,0.848f,-0.5299f,-0.125f,0f,0f,0f,1f],start_interpolation: 0,interpolation_duration: 1}
$data merge entity $(bone_left_leg) {transformation: [-1f,0f,0f,0.3125f,0f,0.5299f,0.848f,-0.25f,0f,0.848f,-0.5299f,-0.125f,0f,0f,0f,1f],start_interpolation: 0,interpolation_duration: 1}
$data merge entity $(bone_right_arm) {transformation: [-1f,0f,0f,-0.3125f,0f,0.4617f,0.887f,-0.25f,0f,0.887f,-0.4617f,0.75f,0f,0f,0f,1f],start_interpolation: 0,interpolation_duration: 1}
$data merge entity $(bone_left_arm) {transformation: [-1f,0f,0f,0.3125f,0f,0.4617f,0.887f,-0.25f,0f,0.887f,-0.4617f,0.75f,0f,0f,0f,1f],start_interpolation: 0,interpolation_duration: 1}
$data merge entity $(bone_1) {transformation: [-1.0378f,0.5301f,0.0567f,-1.6195f,0.526f,1.0383f,-0.0799f,0.4464f,-0.0868f,-0.0455f,-1.1625f,0.8726f,0f,0f,0f,1f],start_interpolation: 0,interpolation_duration: 1}
$data merge entity $(bone_right_wing) {transformation: [-0.9555f,0.3377f,0.1233f,-0.375f,0.3277f,0.9621f,-0.0955f,0f,-0.1478f,-0.0498f,-1.0089f,0.6875f,0f,0f,0f,1f],start_interpolation: 0,interpolation_duration: 1}
$data merge entity $(bone_2) {transformation: [-1.0378f,-0.5301f,-0.0567f,1.6195f,-0.526f,1.0383f,-0.0799f,0.4464f,0.0868f,-0.0455f,-1.1625f,0.8726f,0f,0f,0f,1f],start_interpolation: 0,interpolation_duration: 1}
$data merge entity $(bone_left_wing) {transformation: [-0.9555f,-0.3377f,-0.1233f,0.375f,-0.3277f,0.9621f,-0.0955f,0f,0.1478f,-0.0498f,-1.0089f,0.6875f,0f,0f,0f,1f],start_interpolation: 0,interpolation_duration: 1}