# This file was generated by Animated Java via MC-Build. It is not recommended to edit this file directly.
$data merge entity $(bone_tail) {transformation: [-1.125f,0f,0f,0f,0f,1.1154f,0.1468f,0f,0f,0.1468f,-1.1154f,-0.3125f,0f,0f,0f,1f],start_interpolation: 0,interpolation_duration: 1}
$data merge entity $(bone_head_feathers) {transformation: [-1f,0f,0f,0f,0f,0.9884f,0.1521f,0.5855f,0f,0.1521f,-0.9884f,0.7816f,0f,0f,0f,1f],start_interpolation: 0,interpolation_duration: 1}
$data merge entity $(bone_head) {transformation: [-1f,0f,0f,0f,0f,0.9866f,0.1629f,0f,0f,0.1629f,-0.9866f,0.875f,0f,0f,0f,1f],start_interpolation: 0,interpolation_duration: 1}
$data merge entity $(bone_right_leg) {transformation: [-1f,0f,0f,-0.3125f,0f,0.515f,0.8572f,-0.25f,0f,0.8572f,-0.515f,-0.125f,0f,0f,0f,1f],start_interpolation: 0,interpolation_duration: 1}
$data merge entity $(bone_left_leg) {transformation: [-1f,0f,0f,0.3125f,0f,0.515f,0.8572f,-0.25f,0f,0.8572f,-0.515f,-0.125f,0f,0f,0f,1f],start_interpolation: 0,interpolation_duration: 1}
$data merge entity $(bone_right_arm) {transformation: [-1f,0f,0f,-0.3125f,0f,0.481f,0.8767f,-0.25f,0f,0.8767f,-0.481f,0.75f,0f,0f,0f,1f],start_interpolation: 0,interpolation_duration: 1}
$data merge entity $(bone_left_arm) {transformation: [-1f,0f,0f,0.3125f,0f,0.481f,0.8767f,-0.25f,0f,0.8767f,-0.481f,0.75f,0f,0f,0f,1f],start_interpolation: 0,interpolation_duration: 1}
$data merge entity $(bone_1) {transformation: [-1.0339f,0.5378f,0.055f,-1.6309f,0.5337f,1.0342f,-0.0818f,0.4119f,-0.0865f,-0.0474f,-1.1625f,0.8754f,0f,0f,0f,1f],start_interpolation: 0,interpolation_duration: 1}
$data merge entity $(bone_right_wing) {transformation: [-0.9647f,0.3104f,0.1227f,-0.375f,0.3004f,0.971f,-0.0951f,0f,-0.1456f,-0.0537f,-1.009f,0.6875f,0f,0f,0f,1f],start_interpolation: 0,interpolation_duration: 1}
$data merge entity $(bone_2) {transformation: [-1.0339f,-0.5378f,-0.055f,1.6309f,-0.5337f,1.0342f,-0.0818f,0.4119f,0.0865f,-0.0474f,-1.1625f,0.8754f,0f,0f,0f,1f],start_interpolation: 0,interpolation_duration: 1}
$data merge entity $(bone_left_wing) {transformation: [-0.9647f,-0.3104f,-0.1227f,0.375f,-0.3004f,0.971f,-0.0951f,0f,0.1456f,-0.0537f,-1.009f,0.6875f,0f,0f,0f,1f],start_interpolation: 0,interpolation_duration: 1}