# This file was generated by Animated Java via MC-Build. It is not recommended to edit this file directly.
$data merge entity $(bone_tail) {transformation: [-1.125f,0f,0f,0f,0f,1.1178f,0.1274f,0f,0f,0.1274f,-1.1178f,-0.3125f,0f,0f,0f,1f],start_interpolation: 0,interpolation_duration: 1}
$data merge entity $(bone_head_feathers) {transformation: [-1f,0f,0f,0f,0f,0.9884f,0.1521f,0.5834f,0f,0.1521f,-0.9884f,0.7689f,0f,0f,0f,1f],start_interpolation: 0,interpolation_duration: 1}
$data merge entity $(bone_head) {transformation: [-1f,0f,0f,0f,0f,0.99f,0.1413f,0f,0f,0.1413f,-0.99f,0.875f,0f,0f,0f,1f],start_interpolation: 0,interpolation_duration: 1}
$data merge entity $(bone_right_leg) {transformation: [-1f,0f,0f,-0.3125f,0f,0.5134f,0.8581f,-0.25f,0f,0.8581f,-0.5134f,-0.125f,0f,0f,0f,1f],start_interpolation: 0,interpolation_duration: 1}
$data merge entity $(bone_left_leg) {transformation: [-1f,0f,0f,0.3125f,0f,0.5134f,0.8581f,-0.25f,0f,0.8581f,-0.5134f,-0.125f,0f,0f,0f,1f],start_interpolation: 0,interpolation_duration: 1}
$data merge entity $(bone_right_arm) {transformation: [-1f,0f,0f,-0.3125f,0f,0.5188f,0.8549f,-0.25f,0f,0.8549f,-0.5188f,0.75f,0f,0f,0f,1f],start_interpolation: 0,interpolation_duration: 1}
$data merge entity $(bone_left_arm) {transformation: [-1f,0f,0f,0.3125f,0f,0.5188f,0.8549f,-0.25f,0f,0.8549f,-0.5188f,0.75f,0f,0f,0f,1f],start_interpolation: 0,interpolation_duration: 1}
$data merge entity $(bone_1) {transformation: [-1.0259f,0.5532f,0.0516f,-1.6508f,0.5489f,1.0259f,-0.0861f,0.3422f,-0.0862f,-0.0514f,-1.1623f,0.8808f,0f,0f,0f,1f],start_interpolation: 0,interpolation_duration: 1}
$data merge entity $(bone_right_wing) {transformation: [-0.9809f,0.2553f,0.1218f,-0.375f,0.245f,0.9865f,-0.0945f,0f,-0.1413f,-0.0616f,-1.0091f,0.6875f,0f,0f,0f,1f],start_interpolation: 0,interpolation_duration: 1}
$data merge entity $(bone_2) {transformation: [-1.0259f,-0.5532f,-0.0516f,1.6508f,-0.5489f,1.0259f,-0.0861f,0.3422f,0.0862f,-0.0514f,-1.1623f,0.8808f,0f,0f,0f,1f],start_interpolation: 0,interpolation_duration: 1}
$data merge entity $(bone_left_wing) {transformation: [-0.9809f,-0.2553f,-0.1218f,0.375f,-0.245f,0.9865f,-0.0945f,0f,0.1413f,-0.0616f,-1.0091f,0.6875f,0f,0f,0f,1f],start_interpolation: 0,interpolation_duration: 1}