# This file was generated by Animated Java via MC-Build. It is not recommended to edit this file directly.
$data merge entity $(bone_tail) {transformation: [-1.125f,0f,0f,0f,0f,1.1188f,0.1176f,0f,0f,0.1176f,-1.1188f,-0.3125f,0f,0f,0f,1f],start_interpolation: 0,interpolation_duration: 1}
$data merge entity $(bone_head_feathers) {transformation: [-1f,0f,0f,0f,0f,0.9884f,0.1521f,0.5822f,0f,0.1521f,-0.9884f,0.7625f,0f,0f,0f,1f],start_interpolation: 0,interpolation_duration: 1}
$data merge entity $(bone_head) {transformation: [-1f,0f,0f,0f,0f,0.9914f,0.1305f,0f,0f,0.1305f,-0.9914f,0.875f,0f,0f,0f,1f],start_interpolation: 0,interpolation_duration: 1}
$data merge entity $(bone_right_leg) {transformation: [-1f,0f,0f,-0.3125f,0f,0.5267f,0.85f,-0.25f,0f,0.85f,-0.5267f,-0.125f,0f,0f,0f,1f],start_interpolation: 0,interpolation_duration: 1}
$data merge entity $(bone_left_leg) {transformation: [-1f,0f,0f,0.3125f,0f,0.5267f,0.85f,-0.25f,0f,0.85f,-0.5267f,-0.125f,0f,0f,0f,1f],start_interpolation: 0,interpolation_duration: 1}
$data merge entity $(bone_right_arm) {transformation: [-1f,0f,0f,-0.3125f,0f,0.5373f,0.8434f,-0.25f,0f,0.8434f,-0.5373f,0.75f,0f,0f,0f,1f],start_interpolation: 0,interpolation_duration: 1}
$data merge entity $(bone_left_arm) {transformation: [-1f,0f,0f,0.3125f,0f,0.5373f,0.8434f,-0.25f,0f,0.8434f,-0.5373f,0.75f,0f,0f,0f,1f],start_interpolation: 0,interpolation_duration: 1}
$data merge entity $(bone_1) {transformation: [-1.0218f,0.5609f,0.05f,-1.6594f,0.5564f,1.0216f,-0.0884f,0.307f,-0.0863f,-0.0535f,-1.1622f,0.8835f,0f,0f,0f,1f],start_interpolation: 0,interpolation_duration: 1}
$data merge entity $(bone_right_wing) {transformation: [-0.9877f,0.2274f,0.1215f,-0.375f,0.217f,0.993f,-0.0944f,0f,-0.1392f,-0.0655f,-1.0092f,0.6875f,0f,0f,0f,1f],start_interpolation: 0,interpolation_duration: 1}
$data merge entity $(bone_2) {transformation: [-1.0218f,-0.5609f,-0.05f,1.6594f,-0.5564f,1.0216f,-0.0884f,0.307f,0.0863f,-0.0535f,-1.1622f,0.8835f,0f,0f,0f,1f],start_interpolation: 0,interpolation_duration: 1}
$data merge entity $(bone_left_wing) {transformation: [-0.9877f,-0.2274f,-0.1215f,0.375f,-0.217f,0.993f,-0.0944f,0f,0.1392f,-0.0655f,-1.0092f,0.6875f,0f,0f,0f,1f],start_interpolation: 0,interpolation_duration: 1}