# This file was generated by Animated Java via MC-Build. It is not recommended to edit this file directly.
$data merge entity $(bone_tail) {transformation: [-1.125f,0f,0f,0f,0f,1.1198f,0.1078f,0f,0f,0.1078f,-1.1198f,-0.3125f,0f,0f,0f,1f],start_interpolation: 0,interpolation_duration: 1}
$data merge entity $(bone_head_feathers) {transformation: [-1f,0f,0f,0f,0f,0.9884f,0.1521f,0.5809f,0f,0.1521f,-0.9884f,0.7562f,0f,0f,0f,1f],start_interpolation: 0,interpolation_duration: 1}
$data merge entity $(bone_head) {transformation: [-1f,0f,0f,0f,0f,0.9928f,0.1197f,0f,0f,0.1197f,-0.9928f,0.875f,0f,0f,0f,1f],start_interpolation: 0,interpolation_duration: 1}
$data merge entity $(bone_right_leg) {transformation: [-1f,0f,0f,-0.3125f,0f,0.5399f,0.8417f,-0.25f,0f,0.8417f,-0.5399f,-0.125f,0f,0f,0f,1f],start_interpolation: 0,interpolation_duration: 1}
$data merge entity $(bone_left_leg) {transformation: [-1f,0f,0f,0.3125f,0f,0.5399f,0.8417f,-0.25f,0f,0.8417f,-0.5399f,-0.125f,0f,0f,0f,1f],start_interpolation: 0,interpolation_duration: 1}
$data merge entity $(bone_right_arm) {transformation: [-1f,0f,0f,-0.3125f,0f,0.5556f,0.8315f,-0.25f,0f,0.8315f,-0.5556f,0.75f,0f,0f,0f,1f],start_interpolation: 0,interpolation_duration: 1}
$data merge entity $(bone_left_arm) {transformation: [-1f,0f,0f,0.3125f,0f,0.5556f,0.8315f,-0.25f,0f,0.8315f,-0.5556f,0.75f,0f,0f,0f,1f],start_interpolation: 0,interpolation_duration: 1}
$data merge entity $(bone_1) {transformation: [-1.0176f,0.5685f,0.0485f,-1.6669f,0.5639f,1.0173f,-0.0907f,0.2716f,-0.0865f,-0.0557f,-1.1621f,0.8862f,0f,0f,0f,1f],start_interpolation: 0,interpolation_duration: 1}
$data merge entity $(bone_right_wing) {transformation: [-0.9938f,0.1993f,0.1213f,-0.375f,0.1887f,0.9988f,-0.0944f,0f,-0.1371f,-0.0695f,-1.0092f,0.6875f,0f,0f,0f,1f],start_interpolation: 0,interpolation_duration: 1}
$data merge entity $(bone_2) {transformation: [-1.0176f,-0.5685f,-0.0485f,1.6669f,-0.5639f,1.0173f,-0.0907f,0.2716f,0.0865f,-0.0557f,-1.1621f,0.8862f,0f,0f,0f,1f],start_interpolation: 0,interpolation_duration: 1}
$data merge entity $(bone_left_wing) {transformation: [-0.9938f,-0.1993f,-0.1213f,0.375f,-0.1887f,0.9988f,-0.0944f,0f,0.1371f,-0.0695f,-1.0092f,0.6875f,0f,0f,0f,1f],start_interpolation: 0,interpolation_duration: 1}