# This file was generated by Animated Java via MC-Build. It is not recommended to edit this file directly.
$data merge entity $(bone_tail) {transformation: [-1.125f,0f,0f,0f,0f,1.1207f,0.0981f,0f,0f,0.0981f,-1.1207f,-0.3125f,0f,0f,0f,1f],start_interpolation: 0,interpolation_duration: 1}
$data merge entity $(bone_head_feathers) {transformation: [-1f,0f,0f,0f,0f,0.9884f,0.1521f,0.5796f,0f,0.1521f,-0.9884f,0.7499f,0f,0f,0f,1f],start_interpolation: 0,interpolation_duration: 1}
$data merge entity $(bone_head) {transformation: [-1f,0f,0f,0f,0f,0.9941f,0.1089f,0f,0f,0.1089f,-0.9941f,0.875f,0f,0f,0f,1f],start_interpolation: 0,interpolation_duration: 1}
$data merge entity $(bone_right_leg) {transformation: [-1f,0f,0f,-0.3125f,0f,0.553f,0.8332f,-0.25f,0f,0.8332f,-0.553f,-0.125f,0f,0f,0f,1f],start_interpolation: 0,interpolation_duration: 1}
$data merge entity $(bone_left_leg) {transformation: [-1f,0f,0f,0.3125f,0f,0.553f,0.8332f,-0.25f,0f,0.8332f,-0.553f,-0.125f,0f,0f,0f,1f],start_interpolation: 0,interpolation_duration: 1}
$data merge entity $(bone_right_arm) {transformation: [-1f,0f,0f,-0.3125f,0f,0.5736f,0.8192f,-0.25f,0f,0.8192f,-0.5736f,0.75f,0f,0f,0f,1f],start_interpolation: 0,interpolation_duration: 1}
$data merge entity $(bone_left_arm) {transformation: [-1f,0f,0f,0.3125f,0f,0.5736f,0.8192f,-0.25f,0f,0.8192f,-0.5736f,0.75f,0f,0f,0f,1f],start_interpolation: 0,interpolation_duration: 1}
$data merge entity $(bone_1) {transformation: [-1.0134f,0.576f,0.0471f,-1.6735f,0.5714f,1.0129f,-0.0932f,0.236f,-0.0869f,-0.0579f,-1.162f,0.8889f,0f,0f,0f,1f],start_interpolation: 0,interpolation_duration: 1}
$data merge entity $(bone_right_wing) {transformation: [-0.9991f,0.171f,0.1211f,-0.375f,0.1604f,1.0037f,-0.0944f,0f,-0.1349f,-0.0734f,-1.0092f,0.6875f,0f,0f,0f,1f],start_interpolation: 0,interpolation_duration: 1}
$data merge entity $(bone_2) {transformation: [-1.0134f,-0.576f,-0.0471f,1.6735f,-0.5714f,1.0129f,-0.0932f,0.236f,0.0869f,-0.0579f,-1.162f,0.8889f,0f,0f,0f,1f],start_interpolation: 0,interpolation_duration: 1}
$data merge entity $(bone_left_wing) {transformation: [-0.9991f,-0.171f,-0.1211f,0.375f,-0.1604f,1.0037f,-0.0944f,0f,0.1349f,-0.0734f,-1.0092f,0.6875f,0f,0f,0f,1f],start_interpolation: 0,interpolation_duration: 1}