# This file was generated by Animated Java via MC-Build. It is not recommended to edit this file directly.
$data merge entity $(bone_tail) {transformation: [-1.125f,0f,0f,0f,0f,1.1215f,0.0883f,0f,0f,0.0883f,-1.1215f,-0.3125f,0f,0f,0f,1f],start_interpolation: 0,interpolation_duration: 1}
$data merge entity $(bone_head_feathers) {transformation: [-1f,0f,0f,0f,0f,0.9906f,0.137f,0.5782f,0f,0.137f,-0.9906f,0.7435f,0f,0f,0f,1f],start_interpolation: 0,interpolation_duration: 1}
$data merge entity $(bone_head) {transformation: [-1f,0f,0f,0f,0f,0.9952f,0.098f,0f,0f,0.098f,-0.9952f,0.875f,0f,0f,0f,1f],start_interpolation: 0,interpolation_duration: 1}
$data merge entity $(bone_right_leg) {transformation: [-1f,0f,0f,-0.3125f,0f,0.5659f,0.8245f,-0.25f,0f,0.8245f,-0.5659f,-0.125f,0f,0f,0f,1f],start_interpolation: 0,interpolation_duration: 1}
$data merge entity $(bone_left_leg) {transformation: [-1f,0f,0f,0.3125f,0f,0.5659f,0.8245f,-0.25f,0f,0.8245f,-0.5659f,-0.125f,0f,0f,0f,1f],start_interpolation: 0,interpolation_duration: 1}
$data merge entity $(bone_right_arm) {transformation: [-1f,0f,0f,-0.3125f,0f,0.5556f,0.8315f,-0.25f,0f,0.8315f,-0.5556f,0.75f,0f,0f,0f,1f],start_interpolation: 0,interpolation_duration: 1}
$data merge entity $(bone_left_arm) {transformation: [-1f,0f,0f,0.3125f,0f,0.5556f,0.8315f,-0.25f,0f,0.8315f,-0.5556f,0.75f,0f,0f,0f,1f],start_interpolation: 0,interpolation_duration: 1}
$data merge entity $(bone_1) {transformation: [-1.0455f,0.5156f,0.047f,-1.679f,0.5108f,1.0445f,-0.096f,0.2002f,-0.0845f,-0.0655f,-1.1618f,0.8916f,0f,0f,0f,1f],start_interpolation: 0,interpolation_duration: 1}
$data merge entity $(bone_right_wing) {transformation: [-1.0035f,0.1426f,0.1211f,-0.375f,0.1318f,1.0079f,-0.0946f,0f,-0.1328f,-0.0773f,-1.0092f,0.6875f,0f,0f,0f,1f],start_interpolation: 0,interpolation_duration: 1}
$data merge entity $(bone_2) {transformation: [-1.0455f,-0.5156f,-0.047f,1.679f,-0.5108f,1.0445f,-0.096f,0.2002f,0.0845f,-0.0655f,-1.1618f,0.8916f,0f,0f,0f,1f],start_interpolation: 0,interpolation_duration: 1}
$data merge entity $(bone_left_wing) {transformation: [-1.0035f,-0.1426f,-0.1211f,0.375f,-0.1318f,1.0079f,-0.0946f,0f,0.1328f,-0.0773f,-1.0092f,0.6875f,0f,0f,0f,1f],start_interpolation: 0,interpolation_duration: 1}