# This file was generated by Animated Java via MC-Build. It is not recommended to edit this file directly.
$data merge entity $(bone_tail) {transformation: [-1.125f,0f,0f,0f,0f,1.1229f,0.0687f,0f,0f,0.0687f,-1.1229f,-0.3125f,0f,0f,0f,1f],start_interpolation: 0,interpolation_duration: 1}
$data merge entity $(bone_head_feathers) {transformation: [-1f,0f,0f,0f,0f,0.9943f,0.1067f,0.5752f,0f,0.1067f,-0.9943f,0.731f,0f,0f,0f,1f],start_interpolation: 0,interpolation_duration: 1}
$data merge entity $(bone_head) {transformation: [-1f,0f,0f,0f,0f,0.9971f,0.0763f,0f,0f,0.0763f,-0.9971f,0.875f,0f,0f,0f,1f],start_interpolation: 0,interpolation_duration: 1}
$data merge entity $(bone_right_leg) {transformation: [-1f,0f,0f,-0.3125f,0f,0.5913f,0.8064f,-0.25f,0f,0.8064f,-0.5913f,-0.125f,0f,0f,0f,1f],start_interpolation: 0,interpolation_duration: 1}
$data merge entity $(bone_left_leg) {transformation: [-1f,0f,0f,0.3125f,0f,0.5913f,0.8064f,-0.25f,0f,0.8064f,-0.5913f,-0.125f,0f,0f,0f,1f],start_interpolation: 0,interpolation_duration: 1}
$data merge entity $(bone_right_arm) {transformation: [-1f,0f,0f,-0.3125f,0f,0.5188f,0.8549f,-0.25f,0f,0.8549f,-0.5188f,0.75f,0f,0f,0f,1f],start_interpolation: 0,interpolation_duration: 1}
$data merge entity $(bone_left_arm) {transformation: [-1f,0f,0f,0.3125f,0f,0.5188f,0.8549f,-0.25f,0f,0.8549f,-0.5188f,0.75f,0f,0f,0f,1f],start_interpolation: 0,interpolation_duration: 1}
$data merge entity $(bone_1) {transformation: [-1.0987f,0.3895f,0.0473f,-1.6872f,0.3844f,1.0968f,-0.1018f,0.1283f,-0.0785f,-0.0803f,-1.1613f,0.8969f,0f,0f,0f,1f],start_interpolation: 0,interpolation_duration: 1}
$data merge entity $(bone_right_wing) {transformation: [-1.01f,0.0855f,0.1214f,-0.375f,0.0744f,1.0137f,-0.0951f,0f,-0.1285f,-0.0852f,-1.0091f,0.6875f,0f,0f,0f,1f],start_interpolation: 0,interpolation_duration: 1}
$data merge entity $(bone_2) {transformation: [-1.0987f,-0.3895f,-0.0473f,1.6872f,-0.3844f,1.0968f,-0.1018f,0.1283f,0.0785f,-0.0803f,-1.1613f,0.8969f,0f,0f,0f,1f],start_interpolation: 0,interpolation_duration: 1}
$data merge entity $(bone_left_wing) {transformation: [-1.01f,-0.0855f,-0.1214f,0.375f,-0.0744f,1.0137f,-0.0951f,0f,0.1285f,-0.0852f,-1.0091f,0.6875f,0f,0f,0f,1f],start_interpolation: 0,interpolation_duration: 1}