# This file was generated by Animated Java via MC-Build. It is not recommended to edit this file directly.
$data merge entity $(bone_tail) {transformation: [-1.125f,0f,0f,0f,0f,1.1235f,0.0589f,0f,0f,0.0589f,-1.1235f,-0.3125f,0f,0f,0f,1f],start_interpolation: 0,interpolation_duration: 1}
$data merge entity $(bone_head_feathers) {transformation: [-1f,0f,0f,0f,0f,0.9958f,0.0915f,0.5736f,0f,0.0915f,-0.9958f,0.7247f,0f,0f,0f,1f],start_interpolation: 0,interpolation_duration: 1}
$data merge entity $(bone_head) {transformation: [-1f,0f,0f,0f,0f,0.9979f,0.0654f,0f,0f,0.0654f,-0.9979f,0.875f,0f,0f,0f,1f],start_interpolation: 0,interpolation_duration: 1}
$data merge entity $(bone_right_leg) {transformation: [-1f,0f,0f,-0.3125f,0f,0.6038f,0.7971f,-0.25f,0f,0.7971f,-0.6038f,-0.125f,0f,0f,0f,1f],start_interpolation: 0,interpolation_duration: 1}
$data merge entity $(bone_left_leg) {transformation: [-1f,0f,0f,0.3125f,0f,0.6038f,0.7971f,-0.25f,0f,0.7971f,-0.6038f,-0.125f,0f,0f,0f,1f],start_interpolation: 0,interpolation_duration: 1}
$data merge entity $(bone_right_arm) {transformation: [-1f,0f,0f,-0.3125f,0f,0.5f,0.866f,-0.25f,0f,0.866f,-0.5f,0.75f,0f,0f,0f,1f],start_interpolation: 0,interpolation_duration: 1}
$data merge entity $(bone_left_arm) {transformation: [-1f,0f,0f,0.3125f,0f,0.5f,0.866f,-0.25f,0f,0.866f,-0.5f,0.75f,0f,0f,0f,1f],start_interpolation: 0,interpolation_duration: 1}
$data merge entity $(bone_1) {transformation: [-1.1197f,0.3243f,0.0476f,-1.6898f,0.3192f,1.1172f,-0.1048f,0.0922f,-0.0747f,-0.0875f,-1.161f,0.8996f,0f,0f,0f,1f],start_interpolation: 0,interpolation_duration: 1}
$data merge entity $(bone_right_wing) {transformation: [-1.012f,0.0568f,0.1217f,-0.375f,0.0455f,1.0153f,-0.0954f,0f,-0.1264f,-0.0891f,-1.0091f,0.6875f,0f,0f,0f,1f],start_interpolation: 0,interpolation_duration: 1}
$data merge entity $(bone_2) {transformation: [-1.1197f,-0.3243f,-0.0476f,1.6898f,-0.3192f,1.1172f,-0.1048f,0.0922f,0.0747f,-0.0875f,-1.161f,0.8996f,0f,0f,0f,1f],start_interpolation: 0,interpolation_duration: 1}
$data merge entity $(bone_left_wing) {transformation: [-1.012f,-0.0568f,-0.1217f,0.375f,-0.0455f,1.0153f,-0.0954f,0f,0.1264f,-0.0891f,-1.0091f,0.6875f,0f,0f,0f,1f],start_interpolation: 0,interpolation_duration: 1}