# This file was generated by Animated Java via MC-Build. It is not recommended to edit this file directly.
$data merge entity $(bone_tail) {transformation: [-1.125f,0f,0f,0f,0f,1.1239f,0.0491f,0f,0f,0.0491f,-1.1239f,-0.3125f,0f,0f,0f,1f],start_interpolation: 0,interpolation_duration: 1}
$data merge entity $(bone_head_feathers) {transformation: [-1f,0f,0f,0f,0f,0.9971f,0.0763f,0.5719f,0f,0.0763f,-0.9971f,0.7184f,0f,0f,0f,1f],start_interpolation: 0,interpolation_duration: 1}
$data merge entity $(bone_head) {transformation: [-1f,0f,0f,0f,0f,0.9985f,0.0545f,0f,0f,0.0545f,-0.9985f,0.875f,0f,0f,0f,1f],start_interpolation: 0,interpolation_duration: 1}
$data merge entity $(bone_right_leg) {transformation: [-1f,0f,0f,-0.3125f,0f,0.6162f,0.7876f,-0.25f,0f,0.7876f,-0.6162f,-0.125f,0f,0f,0f,1f],start_interpolation: 0,interpolation_duration: 1}
$data merge entity $(bone_left_leg) {transformation: [-1f,0f,0f,0.3125f,0f,0.6162f,0.7876f,-0.25f,0f,0.7876f,-0.6162f,-0.125f,0f,0f,0f,1f],start_interpolation: 0,interpolation_duration: 1}
$data merge entity $(bone_right_arm) {transformation: [-1f,0f,0f,-0.3125f,0f,0.481f,0.8767f,-0.25f,0f,0.8767f,-0.481f,0.75f,0f,0f,0f,1f],start_interpolation: 0,interpolation_duration: 1}
$data merge entity $(bone_left_arm) {transformation: [-1f,0f,0f,0.3125f,0f,0.481f,0.8767f,-0.25f,0f,0.8767f,-0.481f,0.75f,0f,0f,0f,1f],start_interpolation: 0,interpolation_duration: 1}
$data merge entity $(bone_1) {transformation: [-1.1368f,0.2581f,0.048f,-1.6914f,0.2529f,1.1338f,-0.1078f,0.0561f,-0.0705f,-0.0946f,-1.1607f,0.9022f,0f,0f,0f,1f],start_interpolation: 0,interpolation_duration: 1}
$data merge entity $(bone_right_wing) {transformation: [-1.0131f,0.0281f,0.1221f,-0.375f,0.0166f,1.0162f,-0.0958f,0f,-0.1242f,-0.0931f,-1.009f,0.6875f,0f,0f,0f,1f],start_interpolation: 0,interpolation_duration: 1}
$data merge entity $(bone_2) {transformation: [-1.1368f,-0.2581f,-0.048f,1.6914f,-0.2529f,1.1338f,-0.1078f,0.0561f,0.0705f,-0.0946f,-1.1607f,0.9022f,0f,0f,0f,1f],start_interpolation: 0,interpolation_duration: 1}
$data merge entity $(bone_left_wing) {transformation: [-1.0131f,-0.0281f,-0.1221f,0.375f,-0.0166f,1.0162f,-0.0958f,0f,0.1242f,-0.0931f,-1.009f,0.6875f,0f,0f,0f,1f],start_interpolation: 0,interpolation_duration: 1}