# This file was generated by Animated Java via MC-Build. It is not recommended to edit this file directly.
$data merge entity $(bone_tail) {transformation: [-1.125f,0f,0f,0f,0f,1.1243f,0.0393f,0f,0f,0.0393f,-1.1243f,-0.3125f,0f,0f,0f,1f],start_interpolation: 0,interpolation_duration: 1}
$data merge entity $(bone_head_feathers) {transformation: [-1f,0f,0f,0f,0f,0.9981f,0.061f,0.5701f,0f,0.061f,-0.9981f,0.7122f,0f,0f,0f,1f],start_interpolation: 0,interpolation_duration: 1}
$data merge entity $(bone_head) {transformation: [-1f,0f,0f,0f,0f,0.999f,0.0436f,0f,0f,0.0436f,-0.999f,0.875f,0f,0f,0f,1f],start_interpolation: 0,interpolation_duration: 1}
$data merge entity $(bone_right_leg) {transformation: [-1f,0f,0f,-0.3125f,0f,0.6284f,0.7779f,-0.25f,0f,0.7779f,-0.6284f,-0.125f,0f,0f,0f,1f],start_interpolation: 0,interpolation_duration: 1}
$data merge entity $(bone_left_leg) {transformation: [-1f,0f,0f,0.3125f,0f,0.6284f,0.7779f,-0.25f,0f,0.7779f,-0.6284f,-0.125f,0f,0f,0f,1f],start_interpolation: 0,interpolation_duration: 1}
$data merge entity $(bone_right_arm) {transformation: [-1f,0f,0f,-0.3125f,0f,0.4617f,0.887f,-0.25f,0f,0.887f,-0.4617f,0.75f,0f,0f,0f,1f],start_interpolation: 0,interpolation_duration: 1}
$data merge entity $(bone_left_arm) {transformation: [-1f,0f,0f,0.3125f,0f,0.4617f,0.887f,-0.25f,0f,0.887f,-0.4617f,0.75f,0f,0f,0f,1f],start_interpolation: 0,interpolation_duration: 1}
$data merge entity $(bone_1) {transformation: [-1.1499f,0.1909f,0.0486f,-1.692f,0.1857f,1.1464f,-0.1109f,0.0199f,-0.0659f,-0.1016f,-1.1604f,0.9049f,0f,0f,0f,1f],start_interpolation: 0,interpolation_duration: 1}
$data merge entity $(bone_right_wing) {transformation: [-1.0134f,-0.0006f,0.1227f,-0.375f,-0.0123f,1.0162f,-0.0962f,0f,-0.1221f,-0.097f,-1.0089f,0.6875f,0f,0f,0f,1f],start_interpolation: 0,interpolation_duration: 1}
$data merge entity $(bone_2) {transformation: [-1.1499f,-0.1909f,-0.0486f,1.692f,-0.1857f,1.1464f,-0.1109f,0.0199f,0.0659f,-0.1016f,-1.1604f,0.9049f,0f,0f,0f,1f],start_interpolation: 0,interpolation_duration: 1}
$data merge entity $(bone_left_wing) {transformation: [-1.0134f,0.0006f,-0.1227f,0.375f,0.0123f,1.0162f,-0.0962f,0f,0.1221f,-0.097f,-1.0089f,0.6875f,0f,0f,0f,1f],start_interpolation: 0,interpolation_duration: 1}