# This file was generated by Animated Java via MC-Build. It is not recommended to edit this file directly.
$data merge entity $(bone_tail) {transformation: [-1.125f,0f,0f,0f,0f,1.1223f,0.0785f,0f,0f,0.0785f,-1.1223f,-0.3125f,0f,0f,0f,1f],start_interpolation: 0,interpolation_duration: 1}
$data merge entity $(bone_head_feathers) {transformation: [-1f,0f,0f,0f,0f,0.9986f,-0.0523f,0.5767f,0f,-0.0523f,-0.9986f,0.7372f,0f,0f,0f,1f],start_interpolation: 0,interpolation_duration: 1}
$data merge entity $(bone_head) {transformation: [-1f,0f,0f,0f,0f,0.9962f,0.0872f,0f,0f,0.0872f,-0.9962f,0.875f,0f,0f,0f,1f],start_interpolation: 0,interpolation_duration: 1}
$data merge entity $(bone_right_leg) {transformation: [-1f,0f,0f,-0.3125f,0f,0.7431f,0.6691f,-0.25f,0f,0.6691f,-0.7431f,-0.125f,0f,0f,0f,1f],start_interpolation: 0,interpolation_duration: 1}
$data merge entity $(bone_left_leg) {transformation: [-1f,0f,0f,0.3125f,0f,0.7431f,0.6691f,-0.25f,0f,0.6691f,-0.7431f,-0.125f,0f,0f,0f,1f],start_interpolation: 0,interpolation_duration: 1}
$data merge entity $(bone_right_arm) {transformation: [-1f,0f,0f,-0.3125f,0f,0.2164f,0.9763f,-0.25f,0f,0.9763f,-0.2164f,0.75f,0f,0f,0f,1f],start_interpolation: 0,interpolation_duration: 1}
$data merge entity $(bone_left_arm) {transformation: [-1f,0f,0f,0.3125f,0f,0.2164f,0.9763f,-0.25f,0f,0.9763f,-0.2164f,0.75f,0f,0f,0f,1f],start_interpolation: 0,interpolation_duration: 1}
$data merge entity $(bone_1) {transformation: [-1.149f,-0.1977f,0.043f,-1.6836f,-0.2007f,1.1451f,-0.0979f,0.1643f,-0.0257f,-0.1038f,-1.1618f,0.8942f,0f,0f,0f,1f],start_interpolation: 0,interpolation_duration: 1}
$data merge entity $(bone_right_wing) {transformation: [-1.0072f,0.1141f,0.1212f,-0.375f,0.1031f,1.0112f,-0.0948f,0f,-0.1306f,-0.0813f,-1.0092f,0.6875f,0f,0f,0f,1f],start_interpolation: 0,interpolation_duration: 1}
$data merge entity $(bone_2) {transformation: [-1.149f,0.1977f,-0.043f,1.6836f,0.2007f,1.1451f,-0.0979f,0.1643f,0.0257f,-0.1038f,-1.1618f,0.8942f,0f,0f,0f,1f],start_interpolation: 0,interpolation_duration: 1}
$data merge entity $(bone_left_wing) {transformation: [-1.0072f,-0.1141f,-0.1212f,0.375f,-0.1031f,1.0112f,-0.0948f,0f,0.1306f,-0.0813f,-1.0092f,0.6875f,0f,0f,0f,1f],start_interpolation: 0,interpolation_duration: 1}